Using dataset :  mnist
Channels last
POLICY:  uniform-bald
Uniform policy where at every step the acquisition function is
bald
Reward process initialized using: marginalacc
Saving to  experiment_ss/uniform-bald/17-12-17-13-57-1513547827
Starting Experiment
Variable containing:

Columns 0 to 5 
 1.0000e-09  1.0000e-09  1.0000e-09  1.0000e-09  1.0000e-09  1.0000e-09
 1.0000e-09  1.0000e-09  1.0000e-09  1.0000e-09  1.0000e-09  1.0000e+00
 1.0000e-09  1.0000e-09  1.0000e-09  1.0000e-09  1.0000e-09  1.0000e-09
 1.0000e-09  1.0000e+00  1.0000e-09  1.0000e-09  1.0000e-09  1.0000e-09
 1.0000e-09  1.0000e-09  1.0000e-09  1.0000e-09  1.0000e-09  1.0000e-09
 1.0000e-09  1.0000e-09  1.0000e-09  1.0000e-09  1.0000e-09  1.0000e-09
 1.0000e-09  1.0000e-09  1.0000e-09  1.0000e-09  1.0000e-09  1.0000e-09
 1.0000e-09  1.0000e-09  1.0000e+00  1.0000e-09  1.0000e-09  1.0000e-09
 1.0000e-09  1.0000e-09  1.0000e-09  1.0000e-09  1.0000e+00  1.0000e-09
 1.0000e+00  1.0000e-09  1.0000e-09  1.0000e-09  1.0000e-09  1.0000e-09
 1.0000e-09  1.0000e+00  1.0000e-09  1.0000e-09  1.0000e-09  1.0000e-09
 1.0000e-09  1.0000e-09  1.0000e-09  1.0000e+00  1.0000e-09  1.0000e-09
 1.0000e-09  1.0000e-09  1.0000e-09  1.0000e-09  1.0000e-09  1.0000e-09
 1.0000e-09  1.0000e-09  1.0000e-09  1.0000e-09  1.0000e+00  1.0000e-09
 1.0000e-09  1.0000e-09  1.0000e-09  1.0000e-09  1.0000e-09  1.0000e-09
 1.0000e+00  1.0000e-09  1.0000e-09  1.0000e-09  1.0000e-09  1.0000e-09
 1.0000e-09  1.0000e-09  1.0000e-09  1.0000e-09  1.0000e-09  1.0000e-09
 1.0000e-09  1.0000e-09  1.0000e-09  1.0000e-09  1.0000e-09  1.0000e-09
 1.0000e-09  1.0000e-09  1.0000e-09  1.0000e-09  1.0000e-09  1.0000e-09
 1.0000e-09  1.0000e-09  1.0000e-09  1.0000e-09  1.0000e-09  1.0000e+00
 1.0000e-09  1.0000e-09  1.0000e-09  1.0000e-09  1.0000e-09  1.0000e-09
 1.0000e-09  1.0000e-09  1.0000e-09  1.0000e-09  1.0000e-09  1.0000e-09
 1.0000e+00  1.0000e-09  1.0000e-09  1.0000e-09  1.0000e-09  1.0000e-09
 1.0000e-09  1.0000e-09  1.0000e-09  1.0000e-09  1.0000e-09  1.0000e-09
 1.0000e-09  1.0000e-09  1.0000e-09  1.0000e-09  1.0000e-09  1.0000e-09
 1.0000e-09  1.0000e-09  1.0000e-09  1.0000e+00  1.0000e-09  1.0000e-09
 1.0000e-09  1.0000e-09  1.0000e-09  1.0000e-09  1.0000e-09  1.0000e-09
 1.0000e-09  1.0000e-09  1.0000e-09  1.0000e-09  1.0000e-09  1.0000e-09
 1.0000e-09  1.0000e-09  1.0000e-09  1.0000e-09  1.0000e-09  1.0000e-09
 1.0000e-09  1.0000e-09  1.0000e-09  1.0000e-09  1.0000e-09  1.0000e-09
 1.0000e+00  1.0000e-09  1.0000e-09  1.0000e-09  1.0000e-09  1.0000e-09
 1.0000e-09  1.0000e-09  1.0000e-09  1.0000e-09  1.0000e-09  1.0000e+00
 1.0000e-09  1.0000e-09  1.0000e-09  1.0000e-09  1.0000e-09  1.0000e-09
 1.0000e-09  1.0000e-09  1.0000e-09  1.0000e-09  1.0000e-09  1.0000e-09
 1.0000e-09  1.0000e-09  1.0000e-09  1.0000e-09  1.0000e+00  1.0000e-09
 1.0000e-09  1.0000e+00  1.0000e-09  1.0000e-09  1.0000e-09  1.0000e-09
 1.0000e+00  1.0000e-09  1.0000e-09  1.0000e-09  1.0000e-09  1.0000e-09
 1.0000e-09  1.0000e-09  1.0000e+00  1.0000e-09  1.0000e-09  1.0000e-09
 1.0000e-09  1.0000e-09  1.0000e-09  1.0000e-09  1.0000e-09  1.0000e-09
 1.0000e-09  1.0000e+00  1.0000e-09  1.0000e-09  1.0000e-09  1.0000e-09
 1.0000e-09  1.0000e-09  1.0000e-09  1.0000e-09  1.0000e-09  1.0000e-09
 1.0000e-09  1.0000e-09  1.0000e-09  1.0000e-09  1.0000e+00  1.0000e-09
 1.0000e-09  1.0000e+00  1.0000e-09  1.0000e-09  1.0000e-09  1.0000e-09
 1.0000e-09  1.0000e-09  1.0000e-09  1.0000e-09  1.0000e-09  1.0000e-09
 1.0000e-09  1.0000e-09  1.0000e-09  1.0000e+00  1.0000e-09  1.0000e-09
 1.0000e-09  1.0000e-09  1.0000e-09  1.0000e-09  1.0000e-09  1.0000e-09
 1.0000e-09  1.0000e+00  1.0000e-09  1.0000e-09  1.0000e-09  1.0000e-09
 1.0000e-09  1.0000e-09  1.0000e-09  1.0000e-09  1.0000e-09  1.0000e+00
 1.0000e-09  1.0000e-09  1.0000e-09  1.0000e-09  1.0000e-09  1.0000e-09
 1.0000e-09  1.0000e-09  1.0000e+00  1.0000e-09  1.0000e-09  1.0000e-09

Columns 6 to 9 
 1.0000e-09  1.0000e-09  1.0000e+00  1.0000e-09
 1.0000e-09  1.0000e-09  1.0000e-09  1.0000e-09
 1.0000e-09  1.0000e+00  1.0000e-09  1.0000e-09
 1.0000e-09  1.0000e-09  1.0000e-09  1.0000e-09
 1.0000e-09  1.0000e-09  1.0000e-09  1.0000e+00
 1.0000e-09  1.0000e-09  1.0000e-09  1.0000e+00
 1.0000e+00  1.0000e-09  1.0000e-09  1.0000e-09
 1.0000e-09  1.0000e-09  1.0000e-09  1.0000e-09
 1.0000e-09  1.0000e-09  1.0000e-09  1.0000e-09
 1.0000e-09  1.0000e-09  1.0000e-09  1.0000e-09
 1.0000e-09  1.0000e-09  1.0000e-09  1.0000e-09
 1.0000e-09  1.0000e-09  1.0000e-09  1.0000e-09
 1.0000e+00  1.0000e-09  1.0000e-09  1.0000e-09
 1.0000e-09  1.0000e-09  1.0000e-09  1.0000e-09
 1.0000e-09  1.0000e-09  1.0000e-09  1.0000e+00
 1.0000e-09  1.0000e-09  1.0000e-09  1.0000e-09
 1.0000e+00  1.0000e-09  1.0000e-09  1.0000e-09
 1.0000e-09  1.0000e-09  1.0000e+00  1.0000e-09
 1.0000e-09  1.0000e-09  1.0000e-09  1.0000e+00
 1.0000e-09  1.0000e-09  1.0000e-09  1.0000e-09
 1.0000e-09  1.0000e+00  1.0000e-09  1.0000e-09
 1.0000e-09  1.0000e-09  1.0000e-09  1.0000e+00
 1.0000e-09  1.0000e-09  1.0000e-09  1.0000e-09
 1.0000e-09  1.0000e-09  1.0000e-09  1.0000e+00
 1.0000e-09  1.0000e+00  1.0000e-09  1.0000e-09
 1.0000e-09  1.0000e-09  1.0000e-09  1.0000e-09
 1.0000e-09  1.0000e+00  1.0000e-09  1.0000e-09
 1.0000e-09  1.0000e-09  1.0000e-09  1.0000e+00
 1.0000e+00  1.0000e-09  1.0000e-09  1.0000e-09
 1.0000e-09  1.0000e-09  1.0000e-09  1.0000e+00
 1.0000e-09  1.0000e-09  1.0000e-09  1.0000e-09
 1.0000e-09  1.0000e-09  1.0000e-09  1.0000e-09
 1.0000e-09  1.0000e-09  1.0000e+00  1.0000e-09
 1.0000e+00  1.0000e-09  1.0000e-09  1.0000e-09
 1.0000e-09  1.0000e-09  1.0000e-09  1.0000e-09
 1.0000e-09  1.0000e-09  1.0000e-09  1.0000e-09
 1.0000e-09  1.0000e-09  1.0000e-09  1.0000e-09
 1.0000e-09  1.0000e-09  1.0000e-09  1.0000e-09
 1.0000e-09  1.0000e-09  1.0000e+00  1.0000e-09
 1.0000e-09  1.0000e-09  1.0000e-09  1.0000e-09
 1.0000e-09  1.0000e-09  1.0000e+00  1.0000e-09
 1.0000e-09  1.0000e-09  1.0000e-09  1.0000e-09
 1.0000e-09  1.0000e-09  1.0000e-09  1.0000e-09
 1.0000e-09  1.0000e-09  1.0000e+00  1.0000e-09
 1.0000e-09  1.0000e-09  1.0000e-09  1.0000e-09
 1.0000e-09  1.0000e+00  1.0000e-09  1.0000e-09
 1.0000e-09  1.0000e-09  1.0000e-09  1.0000e-09
 1.0000e-09  1.0000e-09  1.0000e-09  1.0000e-09
 1.0000e+00  1.0000e-09  1.0000e-09  1.0000e-09
 1.0000e-09  1.0000e-09  1.0000e-09  1.0000e-09
[torch.cuda.FloatTensor of size 50x10 (GPU 0)]

Variable containing:
 0.0000  0.0000  0.0000  ...   0.0000  0.0000  0.0000
 0.0000  0.0000  0.0000  ...   0.0000  0.0000  0.0000
 0.0000  0.0000  0.0000  ...   0.0000  0.0000  0.0000
          ...             ⋱             ...          
 0.0000  0.0000  0.0000  ...   0.0000  0.0000  0.0000
 0.0000  0.0000  0.0000  ...   0.0000  0.0000  0.0000
 0.0000  0.0000  0.0000  ...   0.0000  0.0000  0.0000
[torch.cuda.FloatTensor of size 50x784 (GPU 0)]

